0.0 -1.671465030848624e-17
0.00025025025025025025 0.003202282409461048
0.0005005005005005005 0.008463010637535977
0.0007507507507507507 0.013246857165926667
0.001001001001001001 0.01749779728611058
0.0012512512512512512 0.021271527107684055
0.0015015015015015015 0.02462147954456755
0.0017517517517517517 0.02759523814750328
0.002002002002002002 0.030235048631287113
0.0022522522522522522 0.03257841280383885
0.0025025025025025025 0.03465862109082797
0.0027527527527527527 0.03650522545899192
0.003003003003003003 0.038144459238536634
0.0032532532532532532 0.039599609800468914
0.0035035035035035035 0.04089134938289745
0.0037537537537537537 0.04203802876609265
0.004004004004004004 0.043055937968327435
0.004254254254254254 0.04395953766601021
0.0045045045045045045 0.04476166462572317
0.004754754754754755 0.04547371406658542
0.005005005005005005 0.046105801543627326
0.005255255255255255 0.04666690665193189
0.0055055055055055055 0.047165000593040914
0.005755755755755756 0.04760715941586678
0.006006006006006006 0.04799966454083871
0.006256256256256256 0.048348091995355204
0.0065065065065065065 0.04865739162824416
0.006756756756756757 0.04893195742857121
0.007007007007007007 0.04917568994776336
0.007257257257257257 0.049392051711832294
0.0075075075075075074 0.04958411641089738
0.007757757757757758 0.04975461256480751
0.008008008008008008 0.04990596228518637
0.008258258258258258 0.05004031568456468
0.008508508508508508 0.05015958142142451
0.008758758758758759 0.05026545381508579
0.009009009009009009 0.05035943691563669
0.009259259259259259 0.05044286587085064
0.00950950950950951 0.050516925893634414
0.00975975975975976 0.05058266909946347
0.01001001001001001 0.05064102945300132
0.01026026026026026 0.0506928360362385
0.01051051051051051 0.05073882482664177
0.010760760760760761 0.05077964915263662
0.011011011011011011 0.0508158889749568
0.01126126126126126 0.0508480591257136
0.011511511511511512 0.050876616622231405
0.011761761761761762 0.05090196715955186
0.012012012012012012 0.05092447087384051
0.012262262262262262 0.05094444745857255
0.012512512512512512 0.05096218070617951
0.012762762762762763 0.05097792253967648
0.013013013013013013 0.050991896591544385
0.013263263263263263 0.0510043013807098
0.013513513513513514 0.05101531313275517
0.013763763763763764 0.05102508828342413
0.014014014014014014 0.05103376570098741
0.014264264264264264 0.0510414686590407
0.014514514514514514 0.051048306587760606
0.014764764764764765 0.05105437662849759
0.015015015015015015 0.05105976501379053
0.015265265265265265 0.051064548292408155
0.015515515515515516 0.05106879441682017
0.015765765765765764 0.05107256370854738
0.016016016016016016 0.051075909715104485
0.016266266266266267 0.05107887997070962
0.016516516516516516 0.05108151667156759
0.016766766766766767 0.0510838572753198
0.017017017017017015 0.051085935033177036
0.017267267267267267 0.05108777946229463
0.017517517517517518 0.05108941676510066
0.017767767767767766 0.05109087020153418
0.018018018018018018 0.051092160419481995
0.01826826826826827 0.051093305748107595
0.018518518518518517 0.05109432245824008
0.01876876876876877 0.051095224993521586
0.01901901901901902 0.05109602617559728
0.01926926926926927 0.051096737386263046
0.01951951951951952 0.05109736872915806
0.01976976976976977 0.05109792917329966
0.02002002002002002 0.051098426680499555
0.02027027027027027 0.05109886831847124
0.02052052052052052 0.0510992603612358
0.02077077077077077 0.051099608378252226
0.02102102102102102 0.05109991731353855
0.02127127127127127 0.05110019155590784
0.021521521521521522 0.0511004350013168
0.02177177177177177 0.05110065110821263
0.022022022022022022 0.05110084294666476
0.022272272272272273 0.05110101324197892
0.02252252252252252 0.051101164413413516
0.022772772772772773 0.05110129860854835
0.023023023023023025 0.05110141773379351
0.023273273273273273 0.05110152348147247
0.023523523523523524 0.0511016173538636
0.023773773773773772 0.05110170068454189
0.024024024024024024 0.0511017746573241
0.024274274274274275 0.05110184032308636
0.024524524524524523 0.05110189861469311
0.024774774774774775 0.05110195036024974
0.025025025025025023 0.05110199629486673
0.025275275275275275 0.051102037071102925
0.025525525525525526 0.05110207326823587
0.025775775775775774 0.051102105400491205
0.026026026026026026 0.05110213392434791
0.026276276276276277 0.05110215924502314
0.026526526526526525 0.051102181722228815
0.026776776776776777 0.051102201675281816
0.02702702702702703 0.051102219387640306
0.027277277277277277 0.051102235110930504
0.027527527527527528 0.051102249068521476
0.027777777777777776 0.0511022614586983
0.028028028028028028 0.05110227245747894
0.02827827827827828 0.05110228222111492
0.028528528528528527 0.05110229088831087
0.02877877877877878 0.051102298582195206
0.029029029029029027 0.0511023054120692
0.02927927927927928 0.05110231147495975
0.02952952952952953 0.051102316856997836
0.029779779779779778 0.05110232163464203
0.03003003003003003 0.05110232587576479
0.03028028028028028 0.05110232964061656
0.03053053053053053 0.05110233298268177
0.03078078078078078 0.051102335949438644
0.031031031031031032 0.051102338583033716
0.031281281281281284 0.05110234092088046
0.03153153153153153 0.051102342996190944
0.03178178178178178 0.05110234483844753
0.03203203203203203 0.051102346473821794
0.03228228228228228 0.051102347925546285
0.032532532532532535 0.05110234921424456
0.03278278278278278 0.05110235035822417
0.03303303303303303 0.051102351373736817
0.03328328328328328 0.051102352275209095
0.033533533533533534 0.05110235307544755
0.033783783783783786 0.051102353785820606
0.03403403403403403 0.05110235441641996
0.03428428428428428 0.05110235497620408
0.03453453453453453 0.05110235547312539
0.034784784784784785 0.05110235591424327
0.035035035035035036 0.0511023563058244
0.03528528528528529 0.051102356653431616
0.03553553553553553 0.051102356962003145
0.035785785785785784 0.05110235723592263
0.036036036036036036 0.05110235747908143
0.03628628628628629 0.051102357694933924
0.03653653653653654 0.05110235788654656
0.03678678678678678 0.05110235805664143
0.037037037037037035 0.05110235820763495
0.037287287287287287 0.05110235834167217
0.03753753753753754 0.05110235846065725
0.03778778778778779 0.05110235856628053
0.03803803803803804 0.05110235866004249
0.038288288288288286 0.05110235874327517
0.03853853853853854 0.051102358817160985
0.03878878878878879 0.05110235888274956
0.03903903903903904 0.05110235894097267
0.03928928928928929 0.05110235899265743
0.03953953953953954 0.051102359038538096
0.03978978978978979 0.05110235907926646
0.04004004004004004 0.051102359115421124
0.04029029029029029 0.05110235914751568
0.04054054054054054 0.05110235917600611
0.04079079079079079 0.05110235920129711
0.04104104104104104 0.05110235922374801
0.04129129129129129 0.05110235924367773
0.04154154154154154 0.05110235926136938
0.041791791791791794 0.051102359277074315
0.04204204204204204 0.05110235929101562
0.04229229229229229 0.05110235930339137
0.04254254254254254 0.05110235931437736
0.04279279279279279 0.051102359324129654
0.043043043043043044 0.0511023593327868
0.043293293293293296 0.05110235934047178
0.04354354354354354 0.05110235934729378
0.04379379379379379 0.0511023593533497
0.044044044044044044 0.05110235935872555
0.044294294294294295 0.05110235936349772
0.04454454454454455 0.05110235936773402
0.04479479479479479 0.0511023593714946
0.04504504504504504 0.05110235937483289
0.045295295295295294 0.051102359377796315
0.045545545545545546 0.05110235938042697
0.0457957957957958 0.051102359382762225
0.04604604604604605 0.051102359384835254
0.046296296296296294 0.051102359386675504
0.046546546546546545 0.051102359388309114
0.0467967967967968 0.05110235938975929
0.04704704704704705 0.05110235939104663
0.0472972972972973 0.051102359392189434
0.047547547547547545 0.05110235939320391
0.047797797797797796 0.051102359394104485
0.04804804804804805 0.05110235939490394
0.0482982982982983 0.05110235939561363
0.04854854854854855 0.05110235939624367
0.048798798798798795 0.051102359396802945
0.04904904904904905 0.05110235939729944
0.0492992992992993 0.05110235939774021
0.04954954954954955 0.051102359398131486
0.0497997997997998 0.05110235939847885
0.050050050050050046 0.051102359398787225
0.0503003003003003 0.05110235939906098
0.05055055055055055 0.05110235939930402
0.0508008008008008 0.05110235939951978
0.05105105105105105 0.05110235939971132
0.051301301301301304 0.05110235939988139
0.05155155155155155 0.05110235940003236
0.0518018018018018 0.0511023594001664
0.05205205205205205 0.051102359400285416
0.0523023023023023 0.051102359400391074
0.052552552552552555 0.051102359400484895
0.0528028028028028 0.05110235940056818
0.05305305305305305 0.051102359400642144
0.0533033033033033 0.05110235940070782
0.053553553553553554 0.05110235940076614
0.053803803803803806 0.05110235940081792
0.05405405405405406 0.05110235940086392
0.0543043043043043 0.051102359400904754
0.05455455455455455 0.05110235940094103
0.054804804804804805 0.051102359400973255
0.055055055055055056 0.05110235940100187
0.05530530530530531 0.0511023594010273
0.05555555555555555 0.05110235940104988
0.055805805805805804 0.051102359401069955
0.056056056056056056 0.05110235940108779
0.05630630630630631 0.051102359401103636
0.05655655655655656 0.05110235940111772
0.0568068068068068 0.05110235940113025
0.057057057057057055 0.05110235940114139
0.057307307307307306 0.05110235940115129
0.05755755755755756 0.0511023594011601
0.05780780780780781 0.05110235940116793
0.058058058058058054 0.05110235940117492
0.058308308308308306 0.05110235940118112
0.05855855855855856 0.05110235940118665
0.05880880880880881 0.05110235940119159
0.05905905905905906 0.05110235940119598
0.05930930930930931 0.05110235940119989
0.059559559559559556 0.051102359401203404
0.05980980980980981 0.05110235940120652
0.06006006006006006 0.051102359401209316
0.06031031031031031 0.05110235940121181
0.06056056056056056 0.051102359401214034
0.06081081081081081 0.051102359401216046
0.06106106106106106 0.05110235940121783
0.06131131131131131 0.05110235940121944
0.06156156156156156 0.05110235940122089
0.06181181181181181 0.0511023594012222
0.062062062062062065 0.05110235940122339
0.06231231231231231 0.051102359401224436
0.06256256256256257 0.0511023594012254
0.06281281281281281 0.051102359401226274
0.06306306306306306 0.05110235940122706
0.06331331331331332 0.05110235940122778
0.06356356356356356 0.051102359401228446
0.06381381381381382 0.05110235940122905
0.06406406406406406 0.05110235940122959
0.06431431431431431 0.05110235940123011
0.06456456456456457 0.051102359401230577
0.06481481481481481 0.05110235940123103
0.06506506506506507 0.05110235940123142
0.06531531531531531 0.0511023594012318
0.06556556556556556 0.05110235940123216
0.06581581581581582 0.05110235940123249
0.06606606606606606 0.0511023594012328
0.06631631631631632 0.0511023594012331
0.06656656656656657 0.05110235940123338
0.06681681681681681 0.05110235940123366
0.06706706706706707 0.05110235940123391
0.06731731731731731 0.05110235940123414
0.06756756756756757 0.05110235940123439
0.06781781781781782 0.05110235940123461
0.06806806806806806 0.05110235940123484
0.06831831831831832 0.05110235940123505
0.06856856856856856 0.05110235940123526
0.06881881881881882 0.05110235940123547
0.06906906906906907 0.05110235940123566
0.06931931931931933 0.051102359401235864
0.06956956956956957 0.05110235940123606
0.06981981981981981 0.05110235940123624
0.07007007007007007 0.05110235940123641
0.07032032032032032 0.051102359401236606
0.07057057057057058 0.051102359401236794
0.07082082082082082 0.05110235940123696
0.07107107107107107 0.05110235940123715
0.07132132132132132 0.051102359401237314
0.07157157157157157 0.0511023594012375
0.07182182182182183 0.05110235940123767
0.07207207207207207 0.051102359401237835
0.07232232232232232 0.05110235940123801
0.07257257257257257 0.051102359401238175
0.07282282282282282 0.05110235940123834
0.07307307307307308 0.05110235940123852
0.07332332332332332 0.05110235940123869
0.07357357357357357 0.051102359401238855
0.07382382382382383 0.05110235940123902
0.07407407407407407 0.05110235940123918
0.07432432432432433 0.05110235940123936
0.07457457457457457 0.051102359401239514
0.07482482482482482 0.05110235940123967
0.07507507507507508 0.05110235940123985
0.07532532532532532 0.05110235940124001
0.07557557557557558 0.05110235940124017
0.07582582582582582 0.05110235940124034
0.07607607607607608 0.051102359401240506
0.07632632632632633 0.05110235940124067
0.07657657657657657 0.05110235940124084
0.07682682682682683 0.05110235940124099
0.07707707707707707 0.051102359401241165
0.07732732732732733 0.05110235940124132
0.07757757757757758 0.05110235940124148
0.07782782782782782 0.05110235940124165
0.07807807807807808 0.05110235940124181
0.07832832832832833 0.051102359401241984
0.07857857857857858 0.051102359401242144
0.07882882882882883 0.0511023594012423
0.07907907907907907 0.05110235940124248
0.07932932932932933 0.051102359401242636
0.07957957957957958 0.051102359401242796
0.07982982982982983 0.05110235940124296
0.08008008008008008 0.05110235940124312
0.08033033033033032 0.05110235940124328
0.08058058058058058 0.051102359401243455
0.08083083083083083 0.05110235940124361
0.08108108108108109 0.05110235940124378
0.08133133133133133 0.051102359401243934
0.08158158158158157 0.0511023594012441
0.08183183183183183 0.05110235940124427
0.08208208208208208 0.05110235940124443
0.08233233233233234 0.051102359401244586
0.08258258258258258 0.05110235940124475
0.08283283283283283 0.05110235940124492
0.08308308308308308 0.051102359401245086
0.08333333333333333 0.051102359401245245
0.08358358358358359 0.0511023594012454
0.08383383383383383 0.05110235940124557
0.08408408408408408 0.05110235940124573
0.08433433433433433 0.05110235940124589
0.08458458458458458 0.051102359401246064
0.08483483483483484 0.05110235940124622
0.08508508508508508 0.05110235940124639
0.08533533533533534 0.05110235940124655
0.08558558558558559 0.05110235940124671
0.08583583583583583 0.051102359401246876
0.08608608608608609 0.051102359401247036
0.08633633633633633 0.0511023594012472
0.08658658658658659 0.05110235940124737
0.08683683683683684 0.05110235940124753
0.08708708708708708 0.05110235940124768
0.08733733733733734 0.051102359401247854
0.08758758758758758 0.051102359401248014
0.08783783783783784 0.05110235940124819
0.08808808808808809 0.05110235940124834
0.08833833833833833 0.0511023594012485
0.08858858858858859 0.051102359401248666
0.08883883883883884 0.05110235940124883
0.0890890890890891 0.05110235940124899
0.08933933933933934 0.05110235940124916
0.08958958958958958 0.05110235940124932
0.08983983983983984 0.051102359401249485
0.09009009009009009 0.05110235940124965
0.09034034034034034 0.051102359401249804
0.09059059059059059 0.05110235940124998
0.09084084084084083 0.05110235940125013
0.09109109109109109 0.05110235940125029
0.09134134134134134 0.05110235940125046
0.0915915915915916 0.05110235940125062
0.09184184184184184 0.05110235940125078
0.0920920920920921 0.05110235940125095
0.09234234234234234 0.05110235940125111
0.09259259259259259 0.05110235940125128
0.09284284284284285 0.05110235940125144
0.09309309309309309 0.0511023594012516
0.09334334334334335 0.05110235940125177
0.0935935935935936 0.05110235940125193
0.09384384384384384 0.05110235940125209
0.0940940940940941 0.05110235940125226
0.09434434434434434 0.05110235940125241
0.0945945945945946 0.05110235940125259
0.09484484484484484 0.05110235940125274
0.09509509509509509 0.051102359401252906
0.09534534534534535 0.05110235940125307
0.09559559559559559 0.05110235940125323
0.09584584584584585 0.05110235940125339
0.0960960960960961 0.05110235940125356
0.09634634634634634 0.051102359401253725
0.0965965965965966 0.05110235940125388
0.09684684684684684 0.05110235940125405
0.0970970970970971 0.0511023594012542
0.09734734734734735 0.05110235940125438
0.09759759759759759 0.051102359401254537
0.09784784784784785 0.051102359401254696
0.0980980980980981 0.05110235940125486
0.09834834834834835 0.05110235940125502
0.0985985985985986 0.05110235940125519
0.09884884884884884 0.051102359401255355
0.0990990990990991 0.051102359401255515
0.09934934934934934 0.05110235940125568
0.0995995995995996 0.05110235940125584
0.09984984984984985 0.051102359401256
0.10010010010010009 0.051102359401256174
0.10035035035035035 0.051102359401256334
0.1006006006006006 0.051102359401256486
0.10085085085085085 0.05110235940125666
0.1011011011011011 0.05110235940125682
0.10135135135135136 0.05110235940125698
0.1016016016016016 0.051102359401257146
0.10185185185185185 0.051102359401257305
0.1021021021021021 0.05110235940125747
0.10235235235235235 0.05110235940125764
0.10260260260260261 0.0511023594012578
0.10285285285285285 0.051102359401257964
0.1031031031031031 0.051102359401258124
0.10335335335335336 0.05110235940125828
0.1036036036036036 0.05110235940125846
0.10385385385385386 0.05110235940125861
0.1041041041041041 0.05110235940125878
0.10435435435435435 0.051102359401258936
0.1046046046046046 0.051102359401259095
0.10485485485485485 0.05110235940125927
0.10510510510510511 0.05110235940125943
0.10535535535535535 0.05110235940125959
0.1056056056056056 0.051102359401259755
0.10585585585585586 0.051102359401259914
0.1061061061061061 0.05110235940126009
0.10635635635635636 0.05110235940126025
0.1066066066066066 0.0511023594012604
0.10685685685685685 0.05110235940126057
0.10710710710710711 0.05110235940126073
0.10735735735735735 0.05110235940126089
0.10760760760760761 0.051102359401261066
0.10785785785785786 0.05110235940126122
0.10810810810810811 0.05110235940126138
0.10835835835835836 0.051102359401261545
0.1086086086086086 0.05110235940126171
0.10885885885885886 0.05110235940126188
0.1091091091091091 0.05110235940126204
0.10935935935935936 0.0511023594012622
0.10960960960960961 0.051102359401262364
0.10985985985985985 0.05110235940126253
0.11011011011011011 0.05110235940126268
0.11036036036036036 0.051102359401262856
0.11061061061061062 0.05110235940126301
0.11086086086086086 0.05110235940126318
0.1111111111111111 0.05110235940126334
0.11136136136136136 0.0511023594012635
0.11161161161161161 0.05110235940126367
0.11186186186186187 0.05110235940126383
0.11211211211211211 0.051102359401263994
0.11236236236236236 0.05110235940126416
0.11261261261261261 0.05110235940126432
0.11286286286286286 0.05110235940126447
0.11311311311311312 0.051102359401264646
0.11336336336336336 0.051102359401264806
0.1136136136136136 0.05110235940126498
0.11386386386386387 0.05110235940126513
0.11411411411411411 0.05110235940126529
0.11436436436436437 0.051102359401265465
0.11461461461461461 0.051102359401265625
0.11486486486486486 0.051102359401265784
0.11511511511511512 0.05110235940126595
0.11536536536536536 0.05110235940126611
0.11561561561561562 0.05110235940126628
0.11586586586586586 0.051102359401266444
0.11611611611611611 0.0511023594012666
0.11636636636636637 0.05110235940126677
0.11661661661661661 0.05110235940126693
0.11686686686686687 0.05110235940126708
0.11711711711711711 0.05110235940126726
0.11736736736736737 0.051102359401267415
0.11761761761761762 0.051102359401267575
0.11786786786786786 0.05110235940126774
0.11811811811811812 0.0511023594012679
0.11836836836836837 0.051102359401268074
0.11861861861861862 0.051102359401268234
0.11886886886886887 0.051102359401268393
0.11911911911911911 0.05110235940126856
0.11936936936936937 0.05110235940126872
0.11961961961961962 0.05110235940126888
0.11986986986986987 0.05110235940126905
0.12012012012012012 0.051102359401269205
0.12037037037037036 0.05110235940126938
0.12062062062062062 0.05110235940126953
0.12087087087087087 0.0511023594012697
0.12112112112112113 0.05110235940126987
0.12137137137137137 0.051102359401270024
0.12162162162162161 0.051102359401270184
0.12187187187187187 0.05110235940127035
0.12212212212212212 0.05110235940127052
0.12237237237237238 0.05110235940127068
0.12262262262262262 0.05110235940127084
0.12287287287287287 0.051102359401271
0.12312312312312312 0.05110235940127117
0.12337337337337337 0.051102359401271336
0.12362362362362363 0.05110235940127149
0.12387387387387387 0.05110235940127166
0.12412412412412413 0.051102359401271814
0.12437437437437437 0.05110235940127198
0.12462462462462462 0.05110235940127215
0.12487487487487488 0.05110235940127231
0.12512512512512514 0.051102359401272474
0.12537537537537538 0.05110235940127263
0.12562562562562563 0.0511023594012728
0.12587587587587587 0.051102359401272966
0.12612612612612611 0.051102359401273126
0.1263763763763764 0.05110235940127328
0.12662662662662663 0.05110235940127345
0.12687687687687688 0.05110235940127361
0.12712712712712712 0.051102359401273785
0.12737737737737737 0.05110235940127394
0.12762762762762764 0.0511023594012741
0.12787787787787788 0.051102359401274264
0.12812812812812813 0.05110235940127443
0.12837837837837837 0.05110235940127459
0.12862862862862862 0.051102359401274756
0.1288788788788789 0.051102359401274916
0.12912912912912913 0.051102359401275076
0.12937937937937938 0.05110235940127525
0.12962962962962962 0.05110235940127541
0.12987987987987987 0.051102359401275575
0.13013013013013014 0.051102359401275735
0.13038038038038038 0.05110235940127589
0.13063063063063063 0.05110235940127607
0.13088088088088087 0.05110235940127622
0.13113113113113112 0.05110235940127638
0.1313813813813814 0.05110235940127655
0.13163163163163163 0.051102359401276706
0.13188188188188188 0.05110235940127688
0.13213213213213212 0.05110235940127704
0.13238238238238237 0.0511023594012772
0.13263263263263264 0.051102359401277365
0.13288288288288289 0.051102359401277525
0.13313313313313313 0.051102359401277685
0.13338338338338337 0.05110235940127786
0.13363363363363362 0.05110235940127801
0.1338838838838839 0.05110235940127817
0.13413413413413414 0.051102359401278344
0.13438438438438438 0.0511023594012785
0.13463463463463463 0.05110235940127867
0.13488488488488487 0.05110235940127883
0.13513513513513514 0.05110235940127899
0.1353853853853854 0.05110235940127916
0.13563563563563563 0.05110235940127932
0.13588588588588588 0.051102359401279475
0.13613613613613612 0.05110235940127965
0.1363863863863864 0.0511023594012798
0.13663663663663664 0.051102359401279975
0.13688688688688688 0.05110235940128014
0.13713713713713713 0.051102359401280294
0.1373873873873874 0.05110235940128047
0.13763763763763764 0.05110235940128062
0.1378878878878879 0.051102359401280786
0.13813813813813813 0.05110235940128095
0.13838838838838838 0.05110235940128111
0.13863863863863865 0.05110235940128127
0.1388888888888889 0.05110235940128144
0.13913913913913914 0.051102359401281605
0.13938938938938938 0.05110235940128177
0.13963963963963963 0.05110235940128193
0.1398898898898899 0.051102359401282084
0.14014014014014015 0.05110235940128226
0.1403903903903904 0.05110235940128242
0.14064064064064064 0.05110235940128258
0.14089089089089088 0.05110235940128274
0.14114114114114115 0.0511023594012829
0.1413913913913914 0.05110235940128307
0.14164164164164164 0.051102359401283236
0.14189189189189189 0.051102359401283395
0.14214214214214213 0.05110235940128356
0.1423923923923924 0.05110235940128372
0.14264264264264265 0.05110235940128388
0.1428928928928929 0.051102359401284055
0.14314314314314314 0.05110235940128421
0.14339339339339338 0.05110235940128438
0.14364364364364365 0.05110235940128454
0.1438938938938939 0.0511023594012847
0.14414414414414414 0.05110235940128487
0.1443943943943944 0.051102359401285026
0.14464464464464463 0.051102359401285186
0.1448948948948949 0.05110235940128535
0.14514514514514515 0.05110235940128551
0.1453953953953954 0.05110235940128568
0.14564564564564564 0.051102359401285845
0.14589589589589588 0.051102359401286004
0.14614614614614616 0.05110235940128617
0.1463963963963964 0.05110235940128633
0.14664664664664664 0.05110235940128649
0.1468968968968969 0.051102359401286664
0.14714714714714713 0.051102359401286816
0.1473973973973974 0.051102359401286976
0.14764764764764765 0.05110235940128715
0.1478978978978979 0.05110235940128731
0.14814814814814814 0.051102359401287475
0.14839839839839838 0.051102359401287635
0.14864864864864866 0.051102359401287795
0.1488988988988989 0.05110235940128797
0.14914914914914915 0.05110235940128813
0.1493993993993994 0.05110235940128828
0.14964964964964964 0.051102359401288454
0.1498998998998999 0.051102359401288606
0.15015015015015015 0.05110235940128877
0.1504004004004004 0.05110235940128894
0.15065065065065064 0.0511023594012891
0.1509009009009009 0.05110235940128927
0.15115115115115116 0.051102359401289425
0.1514014014014014 0.05110235940128959
0.15165165165165165 0.05110235940128976
0.1519019019019019 0.05110235940128992
0.15215215215215216 0.05110235940129008
0.1524024024024024 0.051102359401290244
0.15265265265265265 0.05110235940129041
0.1529029029029029 0.05110235940129058
0.15315315315315314 0.05110235940129074
0.15340340340340342 0.05110235940129089
0.15365365365365366 0.05110235940129106
0.1539039039039039 0.05110235940129122
0.15415415415415415 0.05110235940129138
0.1544044044044044 0.05110235940129155
0.15465465465465467 0.05110235940129171
0.1549049049049049 0.05110235940129187
0.15515515515515516 0.05110235940129204
0.1554054054054054 0.0511023594012922
0.15565565565565564 0.05110235940129237
0.15590590590590592 0.05110235940129253
0.15615615615615616 0.05110235940129269
0.1564064064064064 0.05110235940129286
0.15665665665665665 0.05110235940129301
0.1569069069069069 0.05110235940129317
0.15715715715715717 0.05110235940129334
0.1574074074074074 0.051102359401293505
0.15765765765765766 0.05110235940129368
0.1579079079079079 0.05110235940129383
0.15815815815815815 0.05110235940129399
0.15840840840840842 0.05110235940129416
0.15865865865865866 0.051102359401294324
0.1589089089089089 0.05110235940129448
0.15915915915915915 0.05110235940129465
0.1594094094094094 0.05110235940129481
0.15965965965965967 0.051102359401294976
0.15990990990990991 0.05110235940129514
0.16016016016016016 0.051102359401295296
0.1604104104104104 0.05110235940129547
0.16066066066066065 0.05110235940129562
0.16091091091091092 0.05110235940129578
0.16116116116116116 0.051102359401295955
0.1614114114114114 0.051102359401296114
0.16166166166166165 0.051102359401296274
0.1619119119119119 0.05110235940129644
0.16216216216216217 0.0511023594012966
0.16241241241241242 0.051102359401296774
0.16266266266266266 0.05110235940129693
0.1629129129129129 0.051102359401297086
0.16316316316316315 0.05110235940129726
0.16341341341341342 0.05110235940129741
0.16366366366366367 0.05110235940129758
0.1639139139139139 0.051102359401297745
0.16416416416416416 0.051102359401297905
0.1644144144144144 0.05110235940129807
0.16466466466466467 0.05110235940129823
0.16491491491491492 0.0511023594012984
0.16516516516516516 0.051102359401298564
0.1654154154154154 0.05110235940129872
0.16566566566566565 0.051102359401298876
0.16591591591591592 0.05110235940129905
0.16616616616616617 0.051102359401299216
0.1664164164164164 0.05110235940129937
0.16666666666666666 0.05110235940129954
0.1669169169169169 0.051102359401299695
0.16716716716716717 0.05110235940129987
0.16741741741741742 0.05110235940130003
0.16766766766766766 0.05110235940130019
0.1679179179179179 0.051102359401300354
0.16816816816816815 0.051102359401300514
0.16841841841841843 0.05110235940130068
0.16866866866866867 0.05110235940130085
0.16891891891891891 0.051102359401301006
0.16916916916916916 0.05110235940130117
0.16941941941941943 0.05110235940130133
0.16966966966966968 0.05110235940130149
0.16991991991991992 0.051102359401301665
0.17017017017017017 0.05110235940130182
0.1704204204204204 0.05110235940130198
0.17067067067067068 0.051102359401302144
0.17092092092092093 0.05110235940130231
0.17117117117117117 0.05110235940130247
0.17142142142142142 0.05110235940130264
0.17167167167167166 0.051102359401302797
0.17192192192192193 0.05110235940130296
0.17217217217217218 0.05110235940130313
0.17242242242242242 0.05110235940130328
0.17267267267267267 0.051102359401303456
0.1729229229229229 0.05110235940130361
0.17317317317317318 0.05110235940130377
0.17342342342342343 0.05110235940130395
0.17367367367367367 0.0511023594013041
0.17392392392392392 0.051102359401304275
0.17417417417417416 0.05110235940130443
0.17442442442442443 0.05110235940130459
0.17467467467467468 0.05110235940130476
0.17492492492492492 0.05110235940130492
0.17517517517517517 0.05110235940130508
0.1754254254254254 0.051102359401305246
0.17567567567567569 0.051102359401305406
0.17592592592592593 0.051102359401305565
0.17617617617617617 0.05110235940130574
0.17642642642642642 0.05110235940130589
0.17667667667667666 0.051102359401306065
0.17692692692692694 0.05110235940130622
0.17717717717717718 0.051102359401306384
0.17742742742742743 0.05110235940130655
0.17767767767767767 0.05110235940130671
0.17792792792792791 0.05110235940130687
0.1781781781781782 0.051102359401307036
0.17842842842842843 0.0511023594013072
0.17867867867867868 0.05110235940130737
0.17892892892892892 0.05110235940130753
0.17917917917917917 0.05110235940130768
0.17942942942942944 0.051102359401307855
0.17967967967967968 0.051102359401308015
0.17992992992992993 0.051102359401308174
0.18018018018018017 0.05110235940130835
0.18043043043043042 0.0511023594013085
0.1806806806806807 0.051102359401308674
0.18093093093093093 0.05110235940130883
0.18118118118118118 0.05110235940130899
0.18143143143143142 0.05110235940130916
0.18168168168168167 0.05110235940130932
0.18193193193193194 0.051102359401309486
0.18218218218218218 0.05110235940130965
0.18243243243243243 0.05110235940130981
0.18268268268268267 0.051102359401309964
0.18293293293293292 0.05110235940131014
0.1831831831831832 0.0511023594013103
0.18343343343343343 0.05110235940131047
0.18368368368368368 0.051102359401310624
0.18393393393393392 0.05110235940131078
0.1841841841841842 0.05110235940131095
0.18443443443443444 0.051102359401311116
0.18468468468468469 0.051102359401311276
0.18493493493493493 0.05110235940131144
0.18518518518518517 0.0511023594013116
0.18543543543543545 0.05110235940131177
0.1856856856856857 0.051102359401311935
0.18593593593593594 0.05110235940131209
0.18618618618618618 0.05110235940131226
0.18643643643643643 0.051102359401312414
0.1866866866866867 0.05110235940131257
0.18693693693693694 0.05110235940131275
0.1871871871871872 0.051102359401312906
0.18743743743743743 0.051102359401313066
0.18768768768768768 0.05110235940131323
0.18793793793793795 0.05110235940131339
0.1881881881881882 0.051102359401313566
0.18843843843843844 0.051102359401313725
0.18868868868868868 0.051102359401313885
0.18893893893893893 0.05110235940131405
0.1891891891891892 0.05110235940131421
0.18943943943943944 0.05110235940131437
0.1896896896896897 0.051102359401314544
0.18993993993993993 0.0511023594013147
0.19019019019019018 0.05110235940131487
0.19044044044044045 0.05110235940131502
0.1906906906906907 0.05110235940131519
0.19094094094094094 0.051102359401315356
0.19119119119119118 0.051102359401315516
0.19144144144144143 0.051102359401315675
0.1916916916916917 0.05110235940131584
0.19194194194194195 0.05110235940131601
0.1921921921921922 0.05110235940131616
0.19244244244244244 0.051102359401316334
0.19269269269269268 0.05110235940131649
0.19294294294294295 0.05110235940131666
0.1931931931931932 0.05110235940131682
0.19344344344344344 0.05110235940131698
0.19369369369369369 0.051102359401317146
0.19394394394394393 0.051102359401317306
0.1941941941941942 0.05110235940131747
0.19444444444444445 0.05110235940131764
0.1946946946946947 0.0511023594013178
0.19494494494494494 0.051102359401317965
0.19519519519519518 0.051102359401318125
0.19544544544544545 0.051102359401318284
0.1956956956956957 0.05110235940131846
0.19594594594594594 0.05110235940131862
0.1961961961961962 0.05110235940131877
0.19644644644644643 0.05110235940131894
0.1966966966966967 0.0511023594013191
0.19694694694694695 0.051102359401319276
0.1971971971971972 0.05110235940131943
0.19744744744744744 0.05110235940131959
0.19769769769769768 0.051102359401319755
0.19794794794794796 0.05110235940131992
0.1981981981981982 0.05110235940132008
0.19844844844844844 0.05110235940132025
0.1986986986986987 0.05110235940132041
0.19894894894894893 0.05110235940132056
0.1991991991991992 0.05110235940132074
0.19944944944944945 0.05110235940132089
0.1996996996996997 0.05110235940132107
0.19994994994994994 0.05110235940132122
0.20020020020020018 0.05110235940132138
0.20045045045045046 0.05110235940132155
0.2007007007007007 0.05110235940132171
0.20095095095095095 0.05110235940132187
0.2012012012012012 0.05110235940132204
0.20145145145145146 0.0511023594013222
0.2017017017017017 0.05110235940132237
0.20195195195195195 0.05110235940132253
0.2022022022022022 0.05110235940132268
0.20245245245245244 0.05110235940132286
0.20270270270270271 0.051102359401323016
0.20295295295295296 0.051102359401323176
0.2032032032032032 0.05110235940132335
0.20345345345345345 0.0511023594013235
0.2037037037037037 0.05110235940132366
0.20395395395395396 0.05110235940132383
0.2042042042042042 0.051102359401323995
0.20445445445445445 0.05110235940132416
0.2047047047047047 0.05110235940132432
0.20495495495495494 0.05110235940132448
0.20520520520520522 0.05110235940132465
0.20545545545545546 0.051102359401324814
0.2057057057057057 0.051102359401324966
0.20595595595595595 0.05110235940132514
0.2062062062062062 0.05110235940132529
0.20645645645645647 0.051102359401325466
0.2067067067067067 0.051102359401325625
0.20695695695695696 0.051102359401325785
0.2072072072072072 0.05110235940132595
0.20745745745745744 0.05110235940132611
0.20770770770770772 0.05110235940132628
0.20795795795795796 0.051102359401326444
0.2082082082082082 0.051102359401326604
0.20845845845845845 0.051102359401326757
0.2087087087087087 0.05110235940132693
0.20895895895895897 0.05110235940132709
0.2092092092092092 0.05110235940132726
0.20945945945945946 0.051102359401327416
0.2097097097097097 0.051102359401327575
0.20995995995995995 0.05110235940132775
0.21021021021021022 0.05110235940132791
0.21046046046046046 0.05110235940132807
0.2107107107107107 0.051102359401328235
0.21096096096096095 0.051102359401328394
0.2112112112112112 0.05110235940132856
0.21146146146146147 0.05110235940132873
0.21171171171171171 0.05110235940132889
0.21196196196196196 0.05110235940132905
0.2122122122122122 0.05110235940132921
0.21246246246246245 0.05110235940132937
0.21271271271271272 0.051102359401329546
0.21296296296296297 0.0511023594013297
0.2132132132132132 0.05110235940132986
0.21346346346346345 0.051102359401330025
0.2137137137137137 0.051102359401330184
0.21396396396396397 0.05110235940133036
0.21421421421421422 0.05110235940133052
0.21446446446446446 0.05110235940133068
0.2147147147147147 0.051102359401330844
0.21496496496496495 0.051102359401331
0.21521521521521522 0.05110235940133116
0.21546546546546547 0.051102359401331336
0.2157157157157157 0.05110235940133149
0.21596596596596596 0.05110235940133166
0.21621621621621623 0.05110235940133182
0.21646646646646647 0.05110235940133198
0.21671671671671672 0.051102359401332155
0.21696696696696696 0.05110235940133231
0.2172172172172172 0.05110235940133247
0.21746746746746748 0.05110235940133264
0.21771771771771772 0.0511023594013328
0.21796796796796797 0.05110235940133297
0.2182182182182182 0.051102359401333126
0.21846846846846846 0.051102359401333286
0.21871871871871873 0.05110235940133345
0.21896896896896897 0.05110235940133362
0.21921921921921922 0.05110235940133377
0.21946946946946946 0.051102359401333945
0.2197197197197197 0.0511023594013341
0.21996996996996998 0.051102359401334264
0.22022022022022023 0.05110235940133443
0.22047047047047047 0.05110235940133459
0.22072072072072071 0.05110235940133476
0.22097097097097096 0.05110235940133492
0.22122122122122123 0.05110235940133508
0.22147147147147148 0.05110235940133525
0.22172172172172172 0.05110235940133541
0.22197197197197197 0.05110235940133556
0.2222222222222222 0.051102359401335735
0.22247247247247248 0.051102359401335895
0.22272272272272273 0.05110235940133607
0.22297297297297297 0.05110235940133622
0.22322322322322322 0.05110235940133638
0.22347347347347346 0.05110235940133655
0.22372372372372373 0.051102359401336714
0.22397397397397398 0.05110235940133687
0.22422422422422422 0.05110235940133704
0.22447447447447447 0.0511023594013372
0.2247247247247247 0.05110235940133736
0.22497497497497498 0.05110235940133753
0.22522522522522523 0.05110235940133769
0.22547547547547547 0.05110235940133786
0.22572572572572572 0.05110235940133802
0.22597597597597596 0.05110235940133818
0.22622622622622623 0.05110235940133835
0.22647647647647648 0.051102359401338504
0.22672672672672672 0.051102359401338664
0.22697697697697697 0.05110235940133883
0.2272272272272272 0.051102359401339
0.22747747747747749 0.05110235940133916
0.22772772772772773 0.05110235940133932
0.22797797797797797 0.05110235940133948
0.22822822822822822 0.05110235940133965
0.22847847847847846 0.05110235940133981
0.22872872872872874 0.05110235940133997
0.22897897897897898 0.05110235940134014
0.22922922922922923 0.051102359401340294
0.22947947947947947 0.051102359401340454
0.22972972972972971 0.05110235940134063
0.22997997997998 0.05110235940134079
0.23023023023023023 0.051102359401340954
0.23048048048048048 0.05110235940134111
0.23073073073073072 0.05110235940134127
0.23098098098098097 0.051102359401341446
0.23123123123123124 0.051102359401341606
0.23148148148148148 0.05110235940134176
0.23173173173173173 0.05110235940134193
0.23198198198198197 0.051102359401342085
0.23223223223223222 0.051102359401342265
0.2324824824824825 0.051102359401342425
0.23273273273273273 0.05110235940134258
0.23298298298298298 0.05110235940134275
0.23323323323323322 0.0511023594013429
0.2334834834834835 0.05110235940134307
0.23373373373373374 0.051102359401343236
0.23398398398398398 0.051102359401343396
0.23423423423423423 0.05110235940134356
0.23448448448448447 0.05110235940134372
0.23473473473473475 0.05110235940134389
0.234984984984985 0.051102359401344055
0.23523523523523523 0.051102359401344215
0.23548548548548548 0.05110235940134437
0.23573573573573572 0.05110235940134454
0.235985985985986 0.0511023594013447
0.23623623623623624 0.05110235940134486
0.23648648648648649 0.05110235940134503
0.23673673673673673 0.051102359401345186
0.23698698698698697 0.05110235940134535
0.23723723723723725 0.05110235940134552
0.2374874874874875 0.05110235940134568
0.23773773773773774 0.051102359401345845
0.23798798798798798 0.051102359401346005
0.23823823823823823 0.051102359401346165
0.2384884884884885 0.05110235940134634
0.23873873873873874 0.05110235940134649
0.238988988988989 0.051102359401346664
0.23923923923923923 0.051102359401346824
0.23948948948948948 0.05110235940134698
0.23973973973973975 0.05110235940134716
0.23998998998999 0.05110235940134731
0.24024024024024024 0.05110235940134747
0.24049049049049048 0.051102359401347636
0.24074074074074073 0.0511023594013478
0.240990990990991 0.05110235940134796
0.24124124124124124 0.05110235940134813
0.2414914914914915 0.05110235940134829
0.24174174174174173 0.051102359401348454
0.24199199199199198 0.05110235940134862
0.24224224224224225 0.051102359401348774
0.2424924924924925 0.05110235940134895
0.24274274274274274 0.0511023594013491
0.24299299299299298 0.05110235940134926
0.24324324324324323 0.05110235940134943
0.2434934934934935 0.05110235940134959
0.24374374374374375 0.05110235940134976
0.243993993993994 0.05110235940134992
0.24424424424424424 0.05110235940135008
0.24449449449449448 0.05110235940135025
0.24474474474474475 0.05110235940135041
0.244994994994995 0.051102359401350564
0.24524524524524524 0.05110235940135074
0.24549549549549549 0.05110235940135089
0.24574574574574573 0.05110235940135106
0.245995995995996 0.05110235940135122
0.24624624624624625 0.05110235940135138
0.2464964964964965 0.051102359401351556
0.24674674674674674 0.05110235940135171
0.24699699699699698 0.051102359401351875
0.24724724724724725 0.05110235940135204
0.2474974974974975 0.0511023594013522
0.24774774774774774 0.05110235940135236
0.247997997997998 0.05110235940135253
0.24824824824824826 0.051102359401352694
0.2484984984984985 0.05110235940135286
0.24874874874874875 0.05110235940135302
0.248998998998999 0.05110235940135317
0.24924924924924924 0.051102359401353346
0.2494994994994995 0.051102359401353506
0.24974974974974976 0.051102359401353666
0.25 0.05110235940135383
