0.0 1.0
0.00025025025025025025 0.983685507188699
0.0005005005005005005 0.9772721600202865
0.0007507507507507507 0.9716827179090943
0.001001001001001001 0.9667248846996856
0.0012512512512512512 0.9623239563941999
0.0015015015015015015 0.9584172506130971
0.0017517517517517517 0.9549492615837708
0.002002002002002002 0.9518707219425228
0.0022522522522522522 0.9491378971653046
0.0025025025025025025 0.9467119640495802
0.0027527527527527527 0.944558459173945
0.003003003003003003 0.9426467893017109
0.0032532532532532532 0.9409497967656114
0.0035035035035035035 0.9394433736590881
0.0037537537537537537 0.9381061193532544
0.004004004004004004 0.9369190364741299
0.004254254254254254 0.9358652610211268
0.0045045045045045045 0.9349298227927778
0.004754754754754755 0.9340994327162552
0.005005005005005005 0.933362294059431
0.005255255255255255 0.9327079348435072
0.0055055055055055055 0.9321270590754265
0.005755755755755756 0.9316114146866379
0.006006006006006006 0.9311536763021162
0.006256256256256256 0.9307473411742253
0.0065065065065065065 0.9303866368030362
0.006756756756756757 0.9300664389307275
0.007007007007007007 0.9297821987450791
0.007257257257257257 0.9295298782578914
0.0075075075075075074 0.9293058929402999
0.007757757757757758 0.9291070608000497
0.008008008008008008 0.9289305571773054
0.008258258258258258 0.9287738746168165
0.008508508508508508 0.9286347872463725
0.008758758758758759 0.928511319155497
0.009009009009009009 0.9284017163251629
0.009259259259259259 0.928304421709752
0.00950950950950951 0.9282180531172701
0.00975975975975976 0.9281413835735779
0.01001001001001001 0.9280733238916837
0.01026026026026026 0.9280129071984768
0.01051051051051051 0.9279592751990842
0.010760760760760761 0.9279116659837132
0.011011011011011011 0.9278694032037704
0.01126126126126126 0.9278318864634805
0.011511511511511512 0.9277985827905109
0.011761761761761762 0.9277690190644334
0.012012012012012012 0.927742775295454
0.012262262262262262 0.927719478657931
0.012512512512512512 0.9276987981939209
0.012762762762762763 0.9276804401115045
0.013013013013013013 0.9276641436111046
0.013263263263263263 0.9276496771805017
0.013513513513513514 0.9276368353059117
0.013763763763763764 0.9276254355524057
0.014014014014014014 0.9276153159721932
0.014264264264264264 0.9276063328039493
0.014514514514514514 0.9275983584305071
0.014764764764764765 0.9275912795658939
0.015015015015015015 0.9275849956459625
0.015265265265265265 0.9275794173997524
0.015515515515515516 0.9275744655812818
0.015765765765765764 0.9275700698437612
0.016016016016016016 0.9275661677402285
0.016266266266266267 0.9275627038364102
0.016516516516516516 0.9275596289232098
0.016766766766766767 0.9275568993176304
0.017017017017017015 0.9275544762422021
0.017267267267267267 0.9275523252741007
0.017517517517517518 0.9275504158561277
0.017767767767767766 0.9275487208626065
0.018018018018018018 0.9275472162140294
0.01826826826826827 0.9275458805349763
0.018518518518518517 0.9275446948504521
0.01876876876876877 0.9275436423163216
0.01901901901901902 0.9275427079800174
0.01926926926926927 0.9275418785681211
0.01951951951951952 0.9275411422977969
0.01976976976976977 0.9275404887094016
0.02002002002002002 0.9275399085178927
0.02027027027027027 0.9275393934809223
0.02052052052052052 0.9275389362817442
0.02077077077077077 0.9275385304252713
0.02102102102102102 0.9275381701458031
0.02127127127127127 0.9275378503251183
0.021521521521521522 0.927537566419763
0.02177177177177177 0.9275373143965056
0.022022022022022022 0.9275370906750396
0.022272272272272273 0.9275368920771214
0.02252252252252252 0.9275367157814182
0.022772772772772773 0.9275365592834286
0.023023023023023025 0.9275364203599022
0.023273273273273273 0.9275362970372564
0.023523523523523524 0.9275361875635384
0.023773773773773772 0.9275360903835363
0.024024024024024024 0.9275360041166866
0.024274274274274275 0.9275359275374607
0.024524524524524523 0.9275358595579541
0.024774774774774775 0.9275357992124333
0.025025025025025023 0.9275357456436137
0.025275275275275275 0.9275356980904836
0.025525525525525526 0.9275356558774913
0.025775775775775774 0.9275356184049476
0.026026026026026026 0.9275355851405084
0.026276276276276277 0.9275355556116106
0.026526526526526525 0.927535529398759
0.026776776776776777 0.9275355061295673
0.02702702702702703 0.9275354854734672
0.027277277277277277 0.9275354671370131
0.027527527527527528 0.9275354508597126
0.027777777777777776 0.9275354364103259
0.028028028028028028 0.9275354235835817
0.02827827827827828 0.9275354121972598
0.028528528528528527 0.9275354020896031
0.02877877877877878 0.9275353931170196
0.029029029029029027 0.9275353851520429
0.02927927927927928 0.9275353780815199
0.02952952952952953 0.9275353718050053
0.029779779779779778 0.9275353662333331
0.03003003003003003 0.9275353612873506
0.03028028028028028 0.9275353568967942
0.03053053053053053 0.92753535299929
0.03078078078078078 0.9275353495394695
0.031031031031031032 0.9275353464681816
0.031281281281281284 0.9275353437417942
0.03153153153153153 0.9275353413215762
0.03178178178178178 0.9275353391731448
0.03203203203203203 0.927535337265979
0.03228228228228228 0.9275353355729852
0.032532532532532535 0.927535334070112
0.03278278278278278 0.9275353327360092
0.03303303303303303 0.9275353315517245
0.03328328328328328 0.9275353305004331
0.033533533533533534 0.9275353295672003
0.033783783783783786 0.9275353287387684
0.03403403403403403 0.9275353280033682
0.03428428428428428 0.9275353273505529
0.03453453453453453 0.9275353267710478
0.034784784784784785 0.9275353262566204
0.035035035035035036 0.9275353257999628
0.03528528528528529 0.9275353253945874
0.03553553553553553 0.9275353250347351
0.035785785785785784 0.9275353247152943
0.036036036036036036 0.9275353244317261
0.03628628628628629 0.9275353241800028
0.03653653653653654 0.9275353239565478
0.03678678678678678 0.9275353237581867
0.037037037037037035 0.9275353235821018
0.037287287287287287 0.927535323425791
0.03753753753753754 0.927535323287034
0.03778778778778779 0.9275353231638598
0.03803803803803804 0.9275353230545179
0.038288288288288286 0.9275353229574553
0.03853853853853854 0.9275353228712931
0.03878878878878879 0.927535322794807
0.03903903903903904 0.9275353227269107
0.03928928928928929 0.9275353226666392
0.03953953953953954 0.9275353226131363
0.03978978978978979 0.9275353225656423
0.04004004004004004 0.9275353225234819
0.04029029029029029 0.9275353224860564
0.04054054054054054 0.9275353224528341
0.04079079079079079 0.9275353224233429
0.04104104104104104 0.9275353223971641
0.04129129129129129 0.9275353223739251
0.04154154154154154 0.9275353223532962
0.041791791791791794 0.9275353223349844
0.04204204204204204 0.9275353223187291
0.04229229229229229 0.9275353223042997
0.04254254254254254 0.9275353222914912
0.04279279279279279 0.9275353222801211
0.043043043043043044 0.9275353222700282
0.043293293293293296 0.9275353222610694
0.04354354354354354 0.9275353222531166
0.04379379379379379 0.9275353222460575
0.044044044044044044 0.9275353222397913
0.044294294294294295 0.9275353222342291
0.04454454454454455 0.927535322229292
0.04479479479479479 0.9275353222249095
0.04504504504504504 0.9275353222210195
0.045295295295295294 0.9275353222175668
0.045545545545545546 0.9275353222145021
0.0457957957957958 0.927535322211782
0.04604604604604605 0.9275353222093675
0.046296296296296294 0.9275353222072246
0.046546546546546545 0.9275353222053228
0.0467967967967968 0.9275353222036345
0.04704704704704705 0.9275353222021363
0.0472972972972973 0.9275353222008067
0.047547547547547545 0.9275353221996268
0.047797797797797796 0.9275353221985798
0.04804804804804805 0.9275353221976506
0.0482982982982983 0.927535322196826
0.04854854854854855 0.9275353221960945
0.048798798798798795 0.9275353221954453
0.04904904904904905 0.9275353221948694
0.0492992992992993 0.9275353221943587
0.04954954954954955 0.9275353221939054
0.0497997997997998 0.9275353221935034
0.050050050050050046 0.9275353221931472
0.0503003003003003 0.927535322192831
0.05055055055055055 0.9275353221925509
0.0508008008008008 0.9275353221923023
0.05105105105105105 0.927535322192082
0.051301301301301304 0.927535322191887
0.05155155155155155 0.927535322191714
0.0518018018018018 0.9275353221915608
0.05205205205205205 0.9275353221914252
0.0523023023023023 0.9275353221913051
0.052552552552552555 0.9275353221911988
0.0528028028028028 0.9275353221911048
0.05305305305305305 0.9275353221910216
0.0533033033033033 0.9275353221909484
0.053553553553553554 0.9275353221908834
0.053803803803803806 0.9275353221908261
0.05405405405405406 0.9275353221907756
0.0543043043043043 0.9275353221907311
0.05455455455455455 0.9275353221906919
0.054804804804804805 0.9275353221906576
0.055055055055055056 0.9275353221906273
0.05530530530530531 0.927535322190601
0.05555555555555555 0.9275353221905777
0.055805805805805804 0.9275353221905573
0.056056056056056056 0.9275353221905398
0.05630630630630631 0.9275353221905244
0.05655655655655656 0.927535322190511
0.0568068068068068 0.9275353221904997
0.057057057057057055 0.9275353221904898
0.057307307307307306 0.9275353221904816
0.05755755755755756 0.9275353221904744
0.05780780780780781 0.9275353221904683
0.058058058058058054 0.9275353221904634
0.058308308308308306 0.9275353221904592
0.05855855855855856 0.9275353221904559
0.05880880880880881 0.9275353221904534
0.05905905905905906 0.9275353221904513
0.05930930930930931 0.9275353221904499
0.059559559559559556 0.9275353221904491
0.05980980980980981 0.9275353221904485
0.06006006006006006 0.9275353221904485
0.06031031031031031 0.9275353221904488
0.06056056056056056 0.9275353221904492
0.06081081081081081 0.9275353221904501
0.06106106106106106 0.927535322190451
0.06131131131131131 0.9275353221904522
0.06156156156156156 0.9275353221904539
0.06181181181181181 0.9275353221904554
0.062062062062062065 0.9275353221904573
0.06231231231231231 0.9275353221904592
0.06256256256256257 0.9275353221904611
0.06281281281281281 0.9275353221904634
0.06306306306306306 0.9275353221904655
0.06331331331331332 0.9275353221904677
0.06356356356356356 0.9275353221904702
0.06381381381381382 0.9275353221904726
0.06406406406406406 0.927535322190475
0.06431431431431431 0.9275353221904777
0.06456456456456457 0.9275353221904803
0.06481481481481481 0.9275353221904831
0.06506506506506507 0.9275353221904856
0.06531531531531531 0.9275353221904883
0.06556556556556556 0.9275353221904912
0.06581581581581582 0.9275353221904938
0.06606606606606606 0.9275353221904966
0.06631631631631632 0.9275353221904995
0.06656656656656657 0.9275353221905023
0.06681681681681681 0.9275353221905053
0.06706706706706707 0.927535322190508
0.06731731731731731 0.9275353221905108
0.06756756756756757 0.9275353221905137
0.06781781781781782 0.9275353221905165
0.06806806806806806 0.9275353221905194
0.06831831831831832 0.9275353221905224
0.06856856856856856 0.9275353221905253
0.06881881881881882 0.9275353221905283
0.06906906906906907 0.927535322190531
0.06931931931931933 0.9275353221905339
0.06956956956956957 0.9275353221905369
0.06981981981981981 0.9275353221905398
0.07007007007007007 0.9275353221905427
0.07032032032032032 0.9275353221905458
0.07057057057057058 0.9275353221905486
0.07082082082082082 0.9275353221905515
0.07107107107107107 0.9275353221905546
0.07132132132132132 0.9275353221905575
0.07157157157157157 0.9275353221905606
0.07182182182182183 0.9275353221905634
0.07207207207207207 0.9275353221905663
0.07232232232232232 0.9275353221905694
0.07257257257257257 0.9275353221905723
0.07282282282282282 0.9275353221905752
0.07307307307307308 0.9275353221905782
0.07332332332332332 0.9275353221905811
0.07357357357357357 0.9275353221905842
0.07382382382382383 0.9275353221905871
0.07407407407407407 0.92753532219059
0.07432432432432433 0.927535322190593
0.07457457457457457 0.9275353221905958
0.07482482482482482 0.9275353221905986
0.07507507507507508 0.9275353221906018
0.07532532532532532 0.9275353221906046
0.07557557557557558 0.9275353221906075
0.07582582582582582 0.9275353221906106
0.07607607607607608 0.9275353221906135
0.07632632632632633 0.9275353221906166
0.07657657657657657 0.9275353221906195
0.07682682682682683 0.9275353221906224
0.07707707707707707 0.9275353221906255
0.07732732732732733 0.9275353221906284
0.07757757757757758 0.9275353221906313
0.07782782782782782 0.9275353221906344
0.07807807807807808 0.9275353221906373
0.07832832832832833 0.9275353221906404
0.07857857857857858 0.9275353221906433
0.07882882882882883 0.9275353221906462
0.07907907907907907 0.9275353221906493
0.07932932932932933 0.9275353221906522
0.07957957957957958 0.927535322190655
0.07982982982982983 0.9275353221906582
0.08008008008008008 0.9275353221906609
0.08033033033033032 0.9275353221906638
0.08058058058058058 0.9275353221906669
0.08083083083083083 0.9275353221906698
0.08108108108108109 0.9275353221906728
0.08133133133133133 0.9275353221906757
0.08158158158158157 0.9275353221906786
0.08183183183183183 0.9275353221906817
0.08208208208208208 0.9275353221906846
0.08233233233233234 0.9275353221906875
0.08258258258258258 0.9275353221906906
0.08283283283283283 0.9275353221906935
0.08308308308308308 0.9275353221906966
0.08333333333333333 0.9275353221906995
0.08358358358358359 0.9275353221907023
0.08383383383383383 0.9275353221907054
0.08408408408408408 0.9275353221907083
0.08433433433433433 0.9275353221907112
0.08458458458458458 0.9275353221907143
0.08483483483483484 0.9275353221907172
0.08508508508508508 0.9275353221907203
0.08533533533533534 0.9275353221907232
0.08558558558558559 0.927535322190726
0.08583583583583583 0.9275353221907291
0.08608608608608609 0.927535322190732
0.08633633633633633 0.9275353221907349
0.08658658658658659 0.927535322190738
0.08683683683683684 0.9275353221907409
0.08708708708708708 0.9275353221907437
0.08733733733733734 0.9275353221907469
0.08758758758758758 0.9275353221907497
0.08783783783783784 0.9275353221907527
0.08808808808808809 0.9275353221907556
0.08833833833833833 0.9275353221907585
0.08858858858858859 0.9275353221907616
0.08883883883883884 0.9275353221907645
0.0890890890890891 0.9275353221907674
0.08933933933933934 0.9275353221907705
0.08958958958958958 0.9275353221907734
0.08983983983983984 0.9275353221907765
0.09009009009009009 0.9275353221907794
0.09034034034034034 0.9275353221907823
0.09059059059059059 0.9275353221907854
0.09084084084084083 0.9275353221907883
0.09109109109109109 0.927535322190791
0.09134134134134134 0.9275353221907942
0.0915915915915916 0.927535322190797
0.09184184184184184 0.9275353221907999
0.0920920920920921 0.927535322190803
0.09234234234234234 0.9275353221908059
0.09259259259259259 0.927535322190809
0.09284284284284285 0.9275353221908119
0.09309309309309309 0.9275353221908148
0.09334334334334335 0.9275353221908179
0.0935935935935936 0.9275353221908208
0.09384384384384384 0.9275353221908237
0.0940940940940941 0.9275353221908268
0.09434434434434434 0.9275353221908297
0.0945945945945946 0.9275353221908327
0.09484484484484484 0.9275353221908356
0.09509509509509509 0.9275353221908385
0.09534534534534535 0.9275353221908416
0.09559559559559559 0.9275353221908444
0.09584584584584585 0.9275353221908473
0.0960960960960961 0.9275353221908504
0.09634634634634634 0.9275353221908533
0.0965965965965966 0.9275353221908561
0.09684684684684684 0.9275353221908592
0.0970970970970971 0.9275353221908621
0.09734734734734735 0.9275353221908652
0.09759759759759759 0.9275353221908681
0.09784784784784785 0.927535322190871
0.0980980980980981 0.9275353221908741
0.09834834834834835 0.927535322190877
0.0985985985985986 0.9275353221908799
0.09884884884884884 0.927535322190883
0.0990990990990991 0.9275353221908859
0.09934934934934934 0.927535322190889
0.0995995995995996 0.9275353221908919
0.09984984984984985 0.9275353221908947
0.10010010010010009 0.9275353221908978
0.10035035035035035 0.9275353221909007
0.1006006006006006 0.9275353221909036
0.10085085085085085 0.9275353221909066
0.1011011011011011 0.9275353221909096
0.10135135135135136 0.9275353221909125
0.1016016016016016 0.9275353221909155
0.10185185185185185 0.9275353221909184
0.1021021021021021 0.9275353221909214
0.10235235235235235 0.9275353221909243
0.10260260260260261 0.9275353221909272
0.10285285285285285 0.9275353221909303
0.1031031031031031 0.9275353221909332
0.10335335335335336 0.927535322190936
0.1036036036036036 0.9275353221909391
0.10385385385385386 0.927535322190942
0.1041041041041041 0.9275353221909451
0.10435435435435435 0.927535322190948
0.1046046046046046 0.9275353221909509
0.10485485485485485 0.927535322190954
0.10510510510510511 0.9275353221909569
0.10535535535535535 0.9275353221909598
0.1056056056056056 0.9275353221909629
0.10585585585585586 0.9275353221909658
0.1061061061061061 0.9275353221909689
0.10635635635635636 0.9275353221909718
0.1066066066066066 0.9275353221909747
0.10685685685685685 0.9275353221909778
0.10710710710710711 0.9275353221909807
0.10735735735735735 0.9275353221909836
0.10760760760760761 0.9275353221909866
0.10785785785785786 0.9275353221909894
0.10810810810810811 0.9275353221909923
0.10835835835835836 0.9275353221909953
0.1086086086086086 0.9275353221909982
0.10885885885885886 0.9275353221910013
0.1091091091091091 0.9275353221910042
0.10935935935935936 0.9275353221910071
0.10960960960960961 0.9275353221910102
0.10985985985985985 0.9275353221910131
0.11011011011011011 0.927535322191016
0.11036036036036036 0.9275353221910191
0.11061061061061062 0.927535322191022
0.11086086086086086 0.9275353221910251
0.1111111111111111 0.927535322191028
0.11136136136136136 0.9275353221910309
0.11161161161161161 0.927535322191034
0.11186186186186187 0.9275353221910368
0.11211211211211211 0.9275353221910397
0.11236236236236236 0.9275353221910428
0.11261261261261261 0.9275353221910457
0.11286286286286286 0.9275353221910486
0.11311311311311312 0.9275353221910516
0.11336336336336336 0.9275353221910545
0.1136136136136136 0.9275353221910576
0.11386386386386387 0.9275353221910605
0.11411411411411411 0.9275353221910634
0.11436436436436437 0.9275353221910665
0.11461461461461461 0.9275353221910694
0.11486486486486486 0.9275353221910723
0.11511511511511512 0.9275353221910753
0.11536536536536536 0.9275353221910781
0.11561561561561562 0.9275353221910813
0.11586586586586586 0.9275353221910841
0.11611611611611611 0.927535322191087
0.11636636636636637 0.9275353221910901
0.11661661661661661 0.927535322191093
0.11686686686686687 0.9275353221910959
0.11711711711711711 0.927535322191099
0.11736736736736737 0.9275353221911019
0.11761761761761762 0.9275353221911048
0.11786786786786786 0.9275353221911079
0.11811811811811812 0.9275353221911108
0.11836836836836837 0.9275353221911139
0.11861861861861862 0.9275353221911167
0.11886886886886887 0.9275353221911196
0.11911911911911911 0.9275353221911227
0.11936936936936937 0.9275353221911256
0.11961961961961962 0.9275353221911284
0.11986986986986987 0.9275353221911316
0.12012012012012012 0.9275353221911344
0.12037037037037036 0.9275353221911375
0.12062062062062062 0.9275353221911404
0.12087087087087087 0.9275353221911433
0.12112112112112113 0.9275353221911463
0.12137137137137137 0.9275353221911493
0.12162162162162161 0.9275353221911522
0.12187187187187187 0.9275353221911552
0.12212212212212212 0.9275353221911581
0.12237237237237238 0.9275353221911612
0.12262262262262262 0.9275353221911641
0.12287287287287287 0.927535322191167
0.12312312312312312 0.9275353221911701
0.12337337337337337 0.927535322191173
0.12362362362362363 0.9275353221911758
0.12387387387387387 0.927535322191179
0.12412412412412413 0.9275353221911817
0.12437437437437437 0.9275353221911846
0.12462462462462462 0.9275353221911877
0.12487487487487488 0.9275353221911906
0.12512512512512514 0.9275353221911937
0.12537537537537538 0.9275353221911966
0.12562562562562563 0.9275353221911995
0.12587587587587587 0.9275353221912026
0.12612612612612611 0.9275353221912055
0.1263763763763764 0.9275353221912084
0.12662662662662663 0.9275353221912115
0.12687687687687688 0.9275353221912144
0.12712712712712712 0.9275353221912175
0.12737737737737737 0.9275353221912204
0.12762762762762764 0.9275353221912233
0.12787787787787788 0.9275353221912263
0.12812812812812813 0.9275353221912291
0.12837837837837837 0.9275353221912321
0.12862862862862862 0.9275353221912351
0.1288788788788789 0.927535322191238
0.12912912912912913 0.9275353221912409
0.12937937937937938 0.927535322191244
0.12962962962962962 0.9275353221912468
0.12987987987987987 0.9275353221912499
0.13013013013013014 0.9275353221912528
0.13038038038038038 0.9275353221912557
0.13063063063063063 0.9275353221912588
0.13088088088088087 0.9275353221912617
0.13113113113113112 0.9275353221912646
0.1313813813813814 0.9275353221912677
0.13163163163163163 0.9275353221912706
0.13188188188188188 0.9275353221912737
0.13213213213213212 0.9275353221912765
0.13238238238238237 0.9275353221912794
0.13263263263263264 0.9275353221912825
0.13288288288288289 0.9275353221912854
0.13313313313313313 0.9275353221912883
0.13338338338338337 0.9275353221912914
0.13363363363363362 0.9275353221912943
0.1338838838838839 0.9275353221912972
0.13413413413413414 0.9275353221913003
0.13438438438438438 0.9275353221913032
0.13463463463463463 0.9275353221913062
0.13488488488488487 0.9275353221913091
0.13513513513513514 0.927535322191312
0.1353853853853854 0.927535322191315
0.13563563563563563 0.9275353221913178
0.13588588588588588 0.9275353221913207
0.13613613613613612 0.9275353221913238
0.1363863863863864 0.9275353221913267
0.13663663663663664 0.9275353221913298
0.13688688688688688 0.9275353221913327
0.13713713713713713 0.9275353221913356
0.1373873873873874 0.9275353221913387
0.13763763763763764 0.9275353221913416
0.1378878878878879 0.9275353221913445
0.13813813813813813 0.9275353221913476
0.13838838838838838 0.9275353221913505
0.13863863863863865 0.9275353221913534
0.1388888888888889 0.9275353221913565
0.13913913913913914 0.9275353221913594
0.13938938938938938 0.9275353221913625
0.13963963963963963 0.9275353221913654
0.1398898898898899 0.9275353221913682
0.14014014014014015 0.9275353221913714
0.1403903903903904 0.9275353221913742
0.14064064064064064 0.927535322191377
0.14089089089089088 0.9275353221913801
0.14114114114114115 0.927535322191383
0.1413913913913914 0.9275353221913861
0.14164164164164164 0.927535322191389
0.14189189189189189 0.9275353221913919
0.14214214214214213 0.9275353221913949
0.1423923923923924 0.9275353221913978
0.14264264264264265 0.9275353221914007
0.1428928928928929 0.9275353221914038
0.14314314314314314 0.9275353221914067
0.14339339339339338 0.9275353221914098
0.14364364364364365 0.9275353221914127
0.1438938938938939 0.9275353221914155
0.14414414414414414 0.9275353221914187
0.1443943943943944 0.9275353221914215
0.14464464464464463 0.9275353221914244
0.1448948948948949 0.9275353221914275
0.14514514514514515 0.9275353221914304
0.1453953953953954 0.9275353221914333
0.14564564564564564 0.9275353221914364
0.14589589589589588 0.9275353221914393
0.14614614614614616 0.9275353221914423
0.1463963963963964 0.9275353221914452
0.14664664664664664 0.9275353221914481
0.1468968968968969 0.9275353221914512
0.14714714714714713 0.9275353221914541
0.1473973973973974 0.927535322191457
0.14764764764764765 0.9275353221914601
0.1478978978978979 0.927535322191463
0.14814814814814814 0.927535322191466
0.14839839839839838 0.9275353221914688
0.14864864864864866 0.9275353221914718
0.1488988988988989 0.9275353221914748
0.14914914914914915 0.9275353221914777
0.1493993993993994 0.9275353221914806
0.14964964964964964 0.9275353221914837
0.1498998998998999 0.9275353221914866
0.15015015015015015 0.9275353221914895
0.1504004004004004 0.9275353221914926
0.15065065065065064 0.9275353221914955
0.1509009009009009 0.9275353221914986
0.15115115115115116 0.9275353221915015
0.1514014014014014 0.9275353221915044
0.15165165165165165 0.9275353221915074
0.1519019019019019 0.9275353221915102
0.15215215215215216 0.9275353221915131
0.1524024024024024 0.9275353221915162
0.15265265265265265 0.9275353221915191
0.1529029029029029 0.9275353221915222
0.15315315315315314 0.9275353221915251
0.15340340340340342 0.927535322191528
0.15365365365365366 0.9275353221915311
0.1539039039039039 0.927535322191534
0.15415415415415415 0.9275353221915369
0.1544044044044044 0.92753532219154
0.15465465465465467 0.9275353221915429
0.1549049049049049 0.9275353221915458
0.15515515515515516 0.9275353221915488
0.1554054054054054 0.9275353221915517
0.15565565565565564 0.9275353221915548
0.15590590590590592 0.9275353221915577
0.15615615615615616 0.9275353221915605
0.1564064064064064 0.9275353221915636
0.15665665665665665 0.9275353221915665
0.1569069069069069 0.9275353221915694
0.15715715715715717 0.9275353221915724
0.1574074074074074 0.9275353221915753
0.15765765765765766 0.9275353221915784
0.1579079079079079 0.9275353221915813
0.15815815815815815 0.9275353221915842
0.15840840840840842 0.9275353221915873
0.15865865865865866 0.9275353221915902
0.1589089089089089 0.9275353221915931
0.15915915915915915 0.9275353221915962
0.1594094094094094 0.9275353221915991
0.15965965965965967 0.9275353221916022
0.15990990990990991 0.9275353221916051
0.16016016016016016 0.927535322191608
0.1604104104104104 0.9275353221916111
0.16066066066066065 0.9275353221916139
0.16091091091091092 0.9275353221916168
0.16116116116116116 0.9275353221916199
0.1614114114114114 0.9275353221916228
0.16166166166166165 0.9275353221916257
0.1619119119119119 0.9275353221916287
0.16216216216216217 0.9275353221916316
0.16241241241241242 0.9275353221916347
0.16266266266266266 0.9275353221916375
0.1629129129129129 0.9275353221916404
0.16316316316316315 0.9275353221916435
0.16341341341341342 0.9275353221916464
0.16366366366366367 0.9275353221916492
0.1639139139139139 0.9275353221916524
0.16416416416416416 0.9275353221916552
0.1644144144144144 0.9275353221916584
0.16466466466466467 0.9275353221916612
0.16491491491491492 0.9275353221916641
0.16516516516516516 0.9275353221916672
0.1654154154154154 0.9275353221916701
0.16566566566566565 0.927535322191673
0.16591591591591592 0.9275353221916761
0.16616616616616617 0.927535322191679
0.1664164164164164 0.9275353221916819
0.16666666666666666 0.927535322191685
0.1669169169169169 0.9275353221916879
0.16716716716716717 0.927535322191691
0.16741741741741742 0.9275353221916939
0.16766766766766766 0.9275353221916968
0.1679179179179179 0.9275353221916999
0.16816816816816815 0.9275353221917026
0.16841841841841843 0.9275353221917055
0.16866866866866867 0.9275353221917085
0.16891891891891891 0.9275353221917115
0.16916916916916916 0.9275353221917145
0.16941941941941943 0.9275353221917174
0.16966966966966968 0.9275353221917203
0.16991991991991992 0.9275353221917234
0.17017017017017017 0.9275353221917263
0.1704204204204204 0.9275353221917292
0.17067067067067068 0.9275353221917323
0.17092092092092093 0.9275353221917352
0.17117117117117117 0.9275353221917381
0.17142142142142142 0.9275353221917412
0.17167167167167166 0.9275353221917441
0.17192192192192193 0.9275353221917472
0.17217217217217218 0.9275353221917501
0.17242242242242242 0.9275353221917529
0.17267267267267267 0.927535322191756
0.1729229229229229 0.9275353221917589
0.17317317317317318 0.9275353221917618
0.17342342342342343 0.9275353221917649
0.17367367367367367 0.9275353221917677
0.17392392392392392 0.9275353221917708
0.17417417417417416 0.9275353221917737
0.17442442442442443 0.9275353221917766
0.17467467467467468 0.9275353221917797
0.17492492492492492 0.9275353221917826
0.17517517517517517 0.9275353221917855
0.1754254254254254 0.9275353221917885
0.17567567567567569 0.9275353221917914
0.17592592592592593 0.9275353221917942
0.17617617617617617 0.9275353221917974
0.17642642642642642 0.9275353221918002
0.17667667667667666 0.9275353221918033
0.17692692692692694 0.9275353221918062
0.17717717717717718 0.9275353221918091
0.17742742742742743 0.9275353221918122
0.17767767767767767 0.9275353221918151
0.17792792792792791 0.927535322191818
0.1781781781781782 0.9275353221918211
0.17842842842842843 0.927535322191824
0.17867867867867868 0.9275353221918271
0.17892892892892892 0.92753532219183
0.17917917917917917 0.9275353221918328
0.17942942942942944 0.9275353221918359
0.17967967967967968 0.9275353221918388
0.17992992992992993 0.9275353221918416
0.18018018018018017 0.9275353221918448
0.18043043043043042 0.9275353221918476
0.1806806806806807 0.9275353221918508
0.18093093093093093 0.9275353221918536
0.18118118118118118 0.9275353221918565
0.18143143143143142 0.9275353221918596
0.18168168168168167 0.9275353221918625
0.18193193193193194 0.9275353221918654
0.18218218218218218 0.9275353221918684
0.18243243243243243 0.9275353221918713
0.18268268268268267 0.9275353221918742
0.18293293293293292 0.9275353221918773
0.1831831831831832 0.9275353221918802
0.18343343343343343 0.9275353221918833
0.18368368368368368 0.9275353221918862
0.18393393393393392 0.9275353221918891
0.1841841841841842 0.9275353221918922
0.18443443443443444 0.927535322191895
0.18468468468468469 0.9275353221918978
0.18493493493493493 0.9275353221919009
0.18518518518518517 0.9275353221919038
0.18543543543543545 0.9275353221919069
0.1856856856856857 0.9275353221919098
0.18593593593593594 0.9275353221919127
0.18618618618618618 0.9275353221919158
0.18643643643643643 0.9275353221919187
0.1866866866866867 0.9275353221919216
0.18693693693693694 0.9275353221919247
0.1871871871871872 0.9275353221919276
0.18743743743743743 0.9275353221919305
0.18768768768768768 0.9275353221919336
0.18793793793793795 0.9275353221919365
0.1881881881881882 0.9275353221919396
0.18843843843843844 0.9275353221919425
0.18868868868868868 0.9275353221919453
0.18893893893893893 0.9275353221919483
0.1891891891891892 0.9275353221919512
0.18943943943943944 0.9275353221919541
0.1896896896896897 0.9275353221919572
0.18993993993993993 0.9275353221919601
0.19019019019019018 0.9275353221919631
0.19044044044044045 0.927535322191966
0.1906906906906907 0.9275353221919689
0.19094094094094094 0.927535322191972
0.19119119119119118 0.9275353221919749
0.19144144144144143 0.9275353221919778
0.1916916916916917 0.9275353221919809
0.19194194194194195 0.9275353221919838
0.1921921921921922 0.9275353221919866
0.19244244244244244 0.9275353221919898
0.19269269269269268 0.9275353221919926
0.19294294294294295 0.9275353221919957
0.1931931931931932 0.9275353221919986
0.19344344344344344 0.9275353221920015
0.19369369369369369 0.9275353221920046
0.19394394394394393 0.9275353221920075
0.1941941941941942 0.9275353221920104
0.19444444444444445 0.9275353221920135
0.1946946946946947 0.9275353221920164
0.19494494494494494 0.9275353221920195
0.19519519519519518 0.9275353221920224
0.19544544544544545 0.9275353221920253
0.1956956956956957 0.9275353221920282
0.19594594594594594 0.927535322192031
0.1961961961961962 0.927535322192034
0.19644644644644643 0.927535322192037
0.1966966966966967 0.9275353221920399
0.19694694694694695 0.927535322192043
0.1971971971971972 0.9275353221920459
0.19744744744744744 0.9275353221920488
0.19769769769769768 0.9275353221920519
0.19794794794794796 0.9275353221920548
0.1981981981981982 0.9275353221920577
0.19844844844844844 0.9275353221920608
0.1986986986986987 0.9275353221920637
0.19894894894894893 0.9275353221920666
0.1991991991991992 0.9275353221920697
0.19944944944944945 0.9275353221920726
0.1996996996996997 0.9275353221920757
0.19994994994994994 0.9275353221920786
0.20020020020020018 0.9275353221920815
0.20045045045045046 0.9275353221920846
0.2007007007007007 0.9275353221920875
0.20095095095095095 0.9275353221920903
0.2012012012012012 0.9275353221920933
0.20145145145145146 0.9275353221920962
0.2017017017017017 0.9275353221920993
0.20195195195195195 0.9275353221921022
0.2022022022022022 0.9275353221921051
0.20245245245245244 0.9275353221921081
0.20270270270270271 0.927535322192111
0.20295295295295296 0.9275353221921139
0.2032032032032032 0.927535322192117
0.20345345345345345 0.9275353221921199
0.2037037037037037 0.9275353221921228
0.20395395395395396 0.9275353221921259
0.2042042042042042 0.9275353221921288
0.20445445445445445 0.9275353221921319
0.2047047047047047 0.9275353221921347
0.20495495495495494 0.9275353221921376
0.20520520520520522 0.9275353221921407
0.20545545545545546 0.9275353221921436
0.2057057057057057 0.9275353221921465
0.20595595595595595 0.9275353221921496
0.2062062062062062 0.9275353221921525
0.20645645645645647 0.9275353221921556
0.2067067067067067 0.9275353221921584
0.20695695695695696 0.9275353221921613
0.2072072072072072 0.9275353221921644
0.20745745745745744 0.9275353221921673
0.20770770770770772 0.9275353221921702
0.20795795795795796 0.9275353221921733
0.2082082082082082 0.9275353221921762
0.20845845845845845 0.927535322192179
0.2087087087087087 0.9275353221921822
0.20895895895895897 0.927535322192185
0.2092092092092092 0.927535322192188
0.20945945945945946 0.9275353221921909
0.2097097097097097 0.9275353221921938
0.20995995995995995 0.9275353221921969
0.21021021021021022 0.9275353221921998
0.21046046046046046 0.9275353221922027
0.2107107107107107 0.9275353221922058
0.21096096096096095 0.9275353221922087
0.2112112112112112 0.9275353221922118
0.21146146146146147 0.9275353221922147
0.21171171171171171 0.9275353221922176
0.21196196196196196 0.9275353221922207
0.2122122122122122 0.9275353221922235
0.21246246246246245 0.9275353221922263
0.21271271271271272 0.9275353221922294
0.21296296296296297 0.9275353221922323
0.2132132132132132 0.9275353221922352
0.21346346346346345 0.9275353221922383
0.2137137137137137 0.9275353221922412
0.21396396396396397 0.9275353221922443
0.21421421421421422 0.9275353221922472
0.21446446446446446 0.9275353221922501
0.2147147147147147 0.9275353221922532
0.21496496496496495 0.9275353221922561
0.21521521521521522 0.927535322192259
0.21546546546546547 0.9275353221922621
0.2157157157157157 0.927535322192265
0.21596596596596596 0.927535322192268
0.21621621621621623 0.9275353221922709
0.21646646646646647 0.9275353221922737
0.21671671671671672 0.9275353221922769
0.21696696696696696 0.9275353221922797
0.2172172172172172 0.9275353221922826
0.21746746746746748 0.9275353221922857
0.21771771771771772 0.9275353221922885
0.21796796796796797 0.9275353221922916
0.2182182182182182 0.9275353221922945
0.21846846846846846 0.9275353221922974
0.21871871871871873 0.9275353221923005
0.21896896896896897 0.9275353221923034
0.21921921921921922 0.9275353221923063
0.21946946946946946 0.9275353221923094
0.2197197197197197 0.9275353221923123
0.21996996996996998 0.9275353221923152
0.22022022022022023 0.9275353221923183
0.22047047047047047 0.9275353221923212
0.22072072072072071 0.9275353221923243
0.22097097097097096 0.9275353221923271
0.22122122122122123 0.92753532219233
0.22147147147147148 0.9275353221923331
0.22172172172172172 0.927535322192336
0.22197197197197197 0.9275353221923389
0.2222222222222222 0.927535322192342
0.22247247247247248 0.9275353221923449
0.22272272272272273 0.9275353221923479
0.22297297297297297 0.9275353221923508
0.22322322322322322 0.9275353221923536
0.22347347347347346 0.9275353221923567
0.22372372372372373 0.9275353221923596
0.22397397397397398 0.9275353221923625
0.22422422422422422 0.9275353221923656
0.22447447447447447 0.9275353221923684
0.2247247247247247 0.9275353221923713
0.22497497497497498 0.9275353221923744
0.22522522522522523 0.9275353221923773
0.22547547547547547 0.9275353221923804
0.22572572572572572 0.9275353221923833
0.22597597597597596 0.9275353221923862
0.22622622622622623 0.9275353221923893
0.22647647647647648 0.9275353221923922
0.22672672672672672 0.9275353221923951
0.22697697697697697 0.9275353221923982
0.2272272272272272 0.9275353221924011
0.22747747747747749 0.9275353221924042
0.22772772772772773 0.9275353221924071
0.22797797797797797 0.92753532219241
0.22822822822822822 0.9275353221924131
0.22847847847847846 0.927535322192416
0.22872872872872874 0.9275353221924187
0.22897897897897898 0.9275353221924219
0.22922922922922923 0.9275353221924247
0.22947947947947947 0.9275353221924276
0.22972972972972971 0.9275353221924306
0.22997997997998 0.9275353221924335
0.23023023023023023 0.9275353221924366
0.23048048048048048 0.9275353221924395
0.23073073073073072 0.9275353221924424
0.23098098098098097 0.9275353221924455
0.23123123123123124 0.9275353221924484
0.23148148148148148 0.9275353221924513
0.23173173173173173 0.9275353221924544
0.23198198198198197 0.9275353221924573
0.23223223223223222 0.9275353221924604
0.2324824824824825 0.9275353221924633
0.23273273273273273 0.9275353221924661
0.23298298298298298 0.9275353221924693
0.23323323323323322 0.9275353221924721
0.2334834834834835 0.927535322192475
0.23373373373373374 0.9275353221924781
0.23398398398398398 0.927535322192481
0.23423423423423423 0.927535322192484
0.23448448448448447 0.9275353221924869
0.23473473473473475 0.9275353221924898
0.234984984984985 0.9275353221924929
0.23523523523523523 0.9275353221924958
0.23548548548548548 0.9275353221924987
0.23573573573573572 0.9275353221925018
0.235985985985986 0.9275353221925047
0.23623623623623624 0.9275353221925076
0.23648648648648649 0.9275353221925106
0.23673673673673673 0.9275353221925134
0.23698698698698697 0.9275353221925166
0.23723723723723725 0.9275353221925194
0.2374874874874875 0.9275353221925223
0.23773773773773774 0.9275353221925254
0.23798798798798798 0.9275353221925283
0.23823823823823823 0.9275353221925312
0.2384884884884885 0.9275353221925343
0.23873873873873874 0.9275353221925372
0.238988988988989 0.9275353221925403
0.23923923923923923 0.9275353221925432
0.23948948948948948 0.9275353221925461
0.23973973973973975 0.9275353221925491
0.23998998998999 0.927535322192552
0.24024024024024024 0.9275353221925549
0.24049049049049048 0.927535322192558
0.24074074074074073 0.9275353221925609
0.240990990990991 0.9275353221925637
0.24124124124124124 0.9275353221925668
0.2414914914914915 0.9275353221925697
0.24174174174174173 0.9275353221925728
0.24199199199199198 0.9275353221925757
0.24224224224224225 0.9275353221925786
0.2424924924924925 0.9275353221925817
0.24274274274274274 0.9275353221925846
0.24299299299299298 0.9275353221925875
0.24324324324324323 0.9275353221925905
0.2434934934934935 0.9275353221925934
0.24374374374374375 0.9275353221925965
0.243993993993994 0.9275353221925994
0.24424424424424424 0.9275353221926023
0.24449449449449448 0.9275353221926054
0.24474474474474475 0.9275353221926083
0.244994994994995 0.9275353221926111
0.24524524524524524 0.9275353221926141
0.24549549549549549 0.927535322192617
0.24574574574574573 0.9275353221926199
0.245995995995996 0.927535322192623
0.24624624624624625 0.9275353221926259
0.2464964964964965 0.927535322192629
0.24674674674674674 0.9275353221926319
0.24699699699699698 0.9275353221926348
0.24724724724724725 0.9275353221926379
0.2474974974974975 0.9275353221926408
0.24774774774774774 0.9275353221926437
0.247997997997998 0.9275353221926468
0.24824824824824826 0.9275353221926497
0.2484984984984985 0.9275353221926528
0.24874874874874875 0.9275353221926557
0.248998998998999 0.9275353221926586
0.24924924924924924 0.9275353221926615
0.2494994994994995 0.9275353221926645
0.24974974974974976 0.9275353221926674
0.25 0.9275353221926704
